391 0.050
392 0.078
393 0.114
394 0.141
395 0.242
396 0.398
397 0.482
398 0.494
399 0.483
400 0.450
401 0.350
402 0.219
403 0.104
404 0.061
405 0.056
406 0.065
407 0.074
408 0.119
409 0.174
410 0.160
411 0.123
412 0.117
413 0.114
414 0.089
415 0.071
416 0.059
417 0.042
418 0.022
419 0.013
420 0.021
421 0.033
422 0.037
423 0.028
424 0.015
425 0.009
426 0.009
427 0.015
428 0.023
429 0.027
430 0.016
431 0.017
432 0.033
433 0.055
434 0.045
435 0.037
436 0.036
437 0.035
438 0.022
439 0.017
440 0.019
441 0.022
442 0.021
443 0.022
444 0.027
445 0.020
446 0.010
447 0.003
