391 0.173
392 0.257
393 0.342
394 0.478
395 0.560
396 0.637
397 0.629
398 0.659
399 0.632
400 0.550
401 0.464
402 0.427
403 0.360
405 0.259
406 0.248
407 0.246
408 0.272
409 0.277
410 0.242
411 0.220
412 0.215
413 0.126
414 0.104
415 0.051
416 -0.005
417 0.088
418 0.123
419 0.125
420 0.139
421 0.206
422 0.089
423 0.080
424 0.063
425 0.075
426 0.076
427 0.054
428 0.038
429 0.042
430 0.044
431 0.100
432 0.112
433 0.124
434 0.112
435 0.088
436 0.028
437 0.014
438 0.002
439 0.026
440 0.048
441 0.060
442 0.046
443 0.010
444 0.120
445 0.100
446 0.108
447 0.190
